0.002242
0.002226
0.002166
0.002141
0.002185
0.002192
0.002249
0.002238
0.002199
0.002239
0.002136
0.002157
0.002157
0.002199
0.002785
0.002153
0.002261
0.002570
0.002157
0.002318
0.002109
0.002149
0.002191
0.002193
0.002081
0.002301
0.002391
0.002089
0.002338
0.002204
0.002412
0.002185
0.002339
0.002077
0.002272
0.002149
0.002134
0.002152
0.002297
0.002917
0.002167
0.002270
0.002176
0.002175
0.002367
0.002144
0.002130
0.002301
0.002589
0.002058
0.002427
0.002109
0.002132
0.002317
0.002447
0.002151
0.002185
0.002225
0.002174
0.002169
0.002182
0.002519
0.002170
0.002173
0.002571
0.002058
0.002192
0.002392
0.002177
0.002170
0.002124
0.002203
0.002084
0.002127
0.003224
0.002197
0.002152
0.002342
0.002194
0.002161
0.002152
0.002198
0.002320
0.002537
0.002154
0.002095
0.003437
0.003347
0.002300
0.002289
0.002165
0.002149
0.002237
0.002070
0.002167
0.002343
0.002081
0.002523
0.002243
0.002416
0.002175
0.002270
0.002970
0.002157
0.002226
0.002370
0.002072
0.002160
0.002278
0.002206
0.002174
0.002201
0.002082
0.002148
0.002842
0.002155
0.002107
0.002333
0.002822
0.002161
0.002150
0.002358
0.002158
0.002182
0.002261
0.002167
0.002072
0.002107
0.002301
0.002091
0.002404
0.002209
0.002190
0.002263
0.002297
0.002185
0.002090
0.002529
0.002188
0.002184
0.002200
0.002190
0.002173
0.002078
0.002297
0.002177
0.002177
0.002604
0.002184
0.002179
0.002141
0.002135
0.002187
0.002276
0.002232
0.002043
0.002164
0.002157
0.002100
0.002188
0.002266
0.002191
0.002105
0.002368
0.002213
0.002169
0.002222
0.002069
0.002399
0.002163
0.002055
0.002197
0.002178
0.002150
0.002144
0.002220
0.002120
0.002241
0.002214
0.002816
0.002097
0.002327
0.002554
0.002185
0.002179
0.002178
0.002083
0.002085
0.002213
0.002060
0.002152
0.003142
0.002238
0.002166
0.002225
0.002069
0.002096
0.002804
0.002247
0.002231
0.002036
0.002219
0.002254
0.002359
0.002218
0.002268
0.002187
0.002190
0.002159
0.003482
0.002166
0.002151
0.002223
0.002321
0.002172
0.002053
0.002146
0.002179
0.002202
0.002169
0.002083
0.002315
0.003071
0.002191
0.002063
0.002102
0.002184
0.002051
0.002182
0.002571
0.002064
0.003132
0.002258
0.002259
0.002121
0.002522
0.002088
0.002231
0.002182
0.002240
0.002203
0.002771
0.002150
0.002223
0.002164
0.002084
0.002515
0.002296
0.002194
0.002076
0.003298
0.002193
0.002058
0.002226
0.002644
0.002083
0.002141
0.002175
0.002242
0.002147
0.002213
0.002151
0.002177
0.002131
0.002176
0.002188
0.002236
0.002523
0.001995
0.002415
0.002178
0.001513
0.001093
0.001010
0.002170
0.002063
0.002088
0.002751
0.002317
0.002397
0.002061
0.002061
0.002162
0.002203
0.002192
0.002152
0.002383
0.002165
0.002131
0.002169
0.002147
0.002431
0.002264
0.002083
0.002123
0.002342
0.002150
0.002193
0.002195
0.002538
0.002159
0.002088
0.003219
0.002197
0.002175
0.002593
0.002294
0.002128
0.002168
0.002175
0.002187
0.002462
0.002669
0.002192
0.002047
0.002104
0.002191
0.002160
0.002221
0.002081
0.002100
0.002532
0.002146
0.002071
0.002097
0.002143
0.002103
0.002707
0.002171
0.002217
0.002098
0.002456
0.002168
0.002346
0.002180
0.002326
0.002069
0.002236
0.002039
0.002254
0.002199
0.002131
0.002086
0.002157
0.002162
0.002135
0.002123
0.002158
0.002070
0.002216
0.002253
0.002104
0.002101
0.002270
0.002124
0.002303
0.002079
0.002194
0.002365
0.002177
0.002101
0.002067
0.002356
0.002125
0.002169
0.002184
0.002112
0.002090
0.002083
0.002400
0.002150
0.002261
0.002162
0.002058
0.002208
0.002126
0.002222
0.002104
0.002076
0.002404
0.002162
0.002362
0.002065
0.002068
0.002071
0.002134
0.002119
0.002145
0.002088
0.002786
0.002085
0.002872
0.002171
0.002111
0.002139
0.002140
0.002157
0.002201
0.002133
0.002258
0.002270
0.002227
0.002140
0.002172
0.002375
0.002079
0.002457
0.002760
0.002071
0.003045
0.002367
0.002250
0.002145
0.002224
0.002164
0.002186
0.002210
0.002163
0.002143
0.002180
0.002314
0.002058
0.001467
0.003186
0.002071
0.002191
0.002569
0.002221
0.002202
0.002191
0.002059
0.003160
0.002154
0.002153
0.002193
0.002158
0.002271
0.003177
0.002104
0.002245
0.002280
0.002176
0.002564
0.002159
0.002024
0.002826
0.001962
0.001807
0.001023
0.000999
0.002127
0.002146
0.002265
0.002550
0.002190
0.002088
0.002426
0.002069
0.002058
0.002250
0.002151
0.002930
0.002156
0.002546
0.003475
0.002326
0.002205
0.002293
0.002099
0.002830
0.002219
0.002102
0.003194
0.002185
0.002101
0.002162
0.002197
0.002184
0.002383
0.002096
0.002174
0.002160
0.002067
0.002160
0.002325
0.002145
0.002074
0.002631
0.002283
0.002152
0.002265
0.002088
0.003515
0.002103
0.002095
0.002156
0.002191
0.002081
0.002394
0.002067
